61622
9606
9597
9595
9598
61853
336983
9568
1868482
39432
2715852
60711
9483
37293
9601
379532
30608
30611
10090
10029
1026970
51337
10020
885580
10181
37548
10141
34839
10160
43179
9986
9785
9371
9813
9361
30522
9913
9925
9771
9940
9685
37032
59479
9793
9796
73337
9739
9974
9615
9627
9646
9643
9669
132908
59463
9365
137246
7868
7897
31033
99883
94237
64144
41447
173247
80972
161767
8175
123683
30732
8090
181472
47969
8128
8153
61819
32507
105023
37003
33528
8083
48698
8081
28743
244447
109280
52904
8030
8032
8010
8049
7994
42514
8005
7998
75366
7955
7936
7918
9258
9261
8478
13735
106734
8502
52644
2489341
100819
8839
8840
9103
9054
56313
9031
13146
59894
44316
40217
1196302
9157
9135
59729
194338
64176
28377
8508
96440
61221
8673
8384
8364
9305
9315
38626
29139
13616
29073
7739
7719
6945
36166
6087
31234
