7739
137246
7868
7918
7936
64144
41447
173247
244447
52904
8175
94237
31033
99883
123683
8090
30732
105023
37003
28743
33528
48698
8081
8083
181472
8153
32507
47969
8128
61819
80972
161767
109280
8049
8010
8030
8032
7994
42514
8005
7998
75366
7955
7897
9258
9261
9813
9785
9371
9986
10020
885580
10181
37548
10141
34839
10160
51337
10029
10090
1026970
43179
9531
60711
9541
9544
9545
9568
9555
336983
61621
61622
9595
9606
9597
9598
9601
61853
37293
9483
2715852
39432
1868482
30608
379532
30611
30522
9913
9925
9940
9771
9739
9615
9627
9669
9646
9643
29073
9685
37032
132908
59479
59463
9365
9793
9796
73337
9974
9361
9305
13616
9315
38626
29139
8502
52644
100819
8839
8840
9103
9031
9054
1196302
59894
9157
40217
59729
9135
44316
2489341
13146
194338
56313
8478
106734
13735
8508
64176
96440
61221
28377
8673
8384
8364
7719
133434
46514
31234
6945
36166
6087
