8782
91561
8906
9397
9126
9443
8457
32536
9646
8496
8840
8845
37293
8824
8962
219594
9771
30522
30521
9913
8855
9483
187106
34884
9615
9612
9925
1868482
51338
91951
10141
2715852
9531
106734
8475
34839
60711
185453
8478
336983
10029
8502
9749
10020
34882
9793
9365
9685
59894
885580
87175
9595
10181
186990
9796
9606
43179
51337
40217
161683
118797
9785
191816
9544
9545
9568
9994
9995
10036
30608
79684
27622
13616
68415
10090
9669
10103
51298
1026970
1706337
56216
29088
452646
61853
34880
10160
9708
9874
9258
9818
30611
9689
9597
9598
9555
372321
13735
230844
38626
42100
9755
278110
4045
160720
9044
9823
2006546
2006545
30551
59472
9601
379532
1328070
9402
132908
9696
9986
73033
3702
1005077
588433
12388

230340
179889
37661
312253
9354
450228
9531
309797
16902
202635
208972
60162
13463
596120
154629
282779
110835
103592
393115
510831
458234
376619
119856
441952
401614
393011
45061
177416
263
418136
2510778
2779
285951
1198114
754017
196017
268885
243070
45935
209869
10116
226821
69077
83752
226822
71422
53728
70831
34854
69074
10119
301822
10115
508668
33887
10117
10120
35732
83755
10121
10122
1890
143894
127826
9071
2048586
36212
424701
61621
59479
61622
9407
227184
39432
9515
9305
55149
103600
2489341
201991
37032
158814
9565
9778
9739
9999
9643
29073
30538
29139
9627
